0 0.572266 0.373047 0.039062 0.039062
0 0.384766 0.271484 0.039062 0.039062
0 0.212891 0.382812 0.039062 0.039062
0 0.593750 0.634766 0.042969 0.042969
0 0.341797 0.716797 0.039062 0.039062
0 0.414062 0.148438 0.039062 0.039062
0 0.537109 0.322266 0.039062 0.039062
0 0.531250 0.666016 0.042969 0.042969
0 0.412109 0.822266 0.039062 0.039062
0 0.115234 0.531250 0.039062 0.039062
0 0.634766 0.166016 0.039062 0.039062
0 0.771484 0.759766 0.042969 0.042969
0 0.802734 0.601562 0.039062 0.039062
0 0.271484 0.572266 0.035156 0.035156
0 0.681641 0.447266 0.035156 0.035156
0 0.144531 0.617188 0.050781 0.050781
0 0.181641 0.476562 0.035156 0.035156
0 0.476562 0.259766 0.035156 0.035156
0 0.583984 0.533203 0.031250 0.031250
0 0.707031 0.406250 0.027344 0.027344
0 0.769531 0.470703 0.039062 0.039062
0 0.607422 0.474609 0.035156 0.035156
0 0.318359 0.488281 0.035156 0.035156
0 0.736328 0.695312 0.031250 0.031250
0 0.169922 0.634766 0.035156 0.035156
0 0.167969 0.414062 0.035156 0.035156
0 0.501953 0.214844 0.031250 0.031250
0 0.681641 0.347656 0.039062 0.039062
0 0.740234 0.384766 0.039062 0.039062
0 0.824219 0.511719 0.031250 0.031250
0 0.208984 0.693359 0.039062 0.039062
0 0.486328 0.396484 0.035156 0.035156
0 0.419922 0.535156 0.031250 0.031250
0 0.500000 0.435547 0.031250 0.031250
0 0.326172 0.205078 0.042969 0.042969
0 0.783203 0.681641 0.039062 0.039062
0 0.271484 0.441406 0.039062 0.039062
0 0.427734 0.177734 0.035156 0.035156
0 0.792969 0.283203 0.035156 0.035156
0 0.193359 0.537109 0.031250 0.031250
0 0.781250 0.267578 0.066406 0.066406
0 0.794922 0.271484 0.054688 0.054688
0 0.771484 0.681641 0.050781 0.050781
0 0.501953 0.798828 0.046875 0.046875
0 0.849609 0.326172 0.042969 0.042969
0 0.544922 0.195312 0.039062 0.039062
0 0.623047 0.824219 0.035156 0.035156
0 0.755859 0.259766 0.035156 0.035156
0 0.564453 0.517578 0.058594 0.058594
0 0.470703 0.439453 0.050781 0.050781
0 0.458984 0.437500 0.039062 0.039062
0 0.816406 0.453125 0.039062 0.039062
0 0.646484 0.197266 0.035156 0.035156
0 0.728516 0.437500 0.031250 0.031250
0 0.546875 0.509766 0.027344 0.027344
0 0.343750 0.402344 0.054688 0.054688
0 0.371094 0.640625 0.042969 0.042969
0 0.322266 0.587891 0.035156 0.035156
0 0.615234 0.853516 0.035156 0.035156
0 0.310547 0.359375 0.035156 0.035156
0 0.666016 0.248047 0.050781 0.050781
0 0.191406 0.582031 0.039062 0.039062
0 0.701172 0.552734 0.035156 0.035156
0 0.500000 0.623047 0.031250 0.031250
0 0.535156 0.546875 0.027344 0.027344
0 0.384766 0.587891 0.027344 0.027344
0 0.630859 0.501953 0.023438 0.023438
0 0.419922 0.523438 0.054688 0.054688
0 0.669922 0.541016 0.039062 0.039062
0 0.324219 0.558594 0.031250 0.031250
0 0.744141 0.636719 0.031250 0.031250
0 0.566406 0.560547 0.027344 0.027344
0 0.544922 0.181641 0.050781 0.050781
0 0.134766 0.611328 0.050781 0.050781
0 0.365234 0.613281 0.042969 0.042969
0 0.652344 0.255859 0.039062 0.039062
0 0.525391 0.341797 0.035156 0.035156
0 0.470703 0.619141 0.035156 0.035156
0 0.298828 0.605469 0.027344 0.027344
0 0.226562 0.523438 0.027344 0.027344
0 0.658203 0.197266 0.054688 0.054688
0 0.341797 0.384766 0.050781 0.050781
0 0.572266 0.115234 0.039062 0.039062
0 0.578125 0.507812 0.035156 0.035156
0 0.673828 0.296875 0.035156 0.035156
0 0.347656 0.818359 0.035156 0.035156
0 0.472656 0.173828 0.031250 0.031250
0 0.853516 0.501953 0.050781 0.050781
0 0.839844 0.435547 0.035156 0.035156
0 0.355469 0.396484 0.035156 0.035156
0 0.583984 0.224609 0.035156 0.035156
0 0.431641 0.576172 0.066406 0.066406
0 0.533203 0.185547 0.050781 0.050781
0 0.722656 0.654297 0.050781 0.050781
0 0.746094 0.650391 0.039062 0.039062
0 0.240234 0.736328 0.031250 0.031250
0 0.240234 0.490234 0.027344 0.027344
0 0.134766 0.625000 0.027344 0.027344
0 0.671875 0.552734 0.054688 0.054688
0 0.449219 0.576172 0.046875 0.046875
0 0.664062 0.261719 0.039062 0.039062
0 0.330078 0.595703 0.035156 0.035156
0 0.740234 0.660156 0.035156 0.035156
0 0.220703 0.769531 0.035156 0.035156
0 0.441406 0.589844 0.031250 0.031250
0 0.380859 0.560547 0.019531 0.019531
0 0.646484 0.212891 0.046875 0.046875
0 0.486328 0.615234 0.062500 0.062500
0 0.669922 0.564453 0.031250 0.031250
0 0.558594 0.552734 0.050781 0.050781
0 0.453125 0.587891 0.046875 0.046875
0 0.429688 0.564453 0.035156 0.035156
0 0.486328 0.154297 0.031250 0.031250
0 0.455078 0.564453 0.023438 0.023438
0 0.650391 0.244141 0.035156 0.035156
0 0.357422 0.603516 0.023438 0.023438
0 0.148438 0.603516 0.023438 0.023438
0 0.634766 0.226562 0.015625 0.015625
0 0.767578 0.251953 0.046875 0.046875
0 0.490234 0.138672 0.046875 0.046875
0 0.419922 0.511719 0.027344 0.027344
0 0.689453 0.546875 0.035156 0.035156
0 0.841797 0.314453 0.019531 0.019531
0 0.828125 0.443359 0.050781 0.050781
0 0.775391 0.748047 0.023438 0.023438
0 0.312500 0.566406 0.015625 0.015625
0 0.800781 0.250000 0.015625 0.015625
0 0.779297 0.460938 0.046875 0.046875
0 0.845703 0.511719 0.023438 0.023438
0 0.373047 0.623047 0.023438 0.023438
0 0.791016 0.236328 0.019531 0.019531