0 0.529297 0.810547 0.027344 0.027344
0 0.830078 0.523438 0.027344 0.027344
0 0.525391 0.500000 0.031250 0.031250
0 0.646484 0.259766 0.027344 0.027344
0 0.488281 0.451172 0.031250 0.031250
0 0.822266 0.371094 0.027344 0.027344
0 0.285156 0.652344 0.027344 0.027344
0 0.673828 0.769531 0.027344 0.027344
0 0.232422 0.416016 0.031250 0.031250
0 0.556641 0.548828 0.027344 0.027344
0 0.748047 0.617188 0.027344 0.027344
0 0.601562 0.453125 0.035156 0.035156
0 0.271484 0.689453 0.027344 0.027344
0 0.605469 0.238281 0.031250 0.031250
0 0.718750 0.353516 0.027344 0.027344
0 0.509766 0.740234 0.027344 0.027344
0 0.294922 0.320312 0.042969 0.042969
0 0.626953 0.675781 0.027344 0.027344
0 0.277344 0.308594 0.023438 0.023438
0 0.394531 0.572266 0.031250 0.031250
0 0.542969 0.261719 0.031250 0.031250
0 0.619141 0.322266 0.031250 0.031250
0 0.310547 0.751953 0.031250 0.031250
0 0.226562 0.687500 0.027344 0.027344
0 0.417969 0.583984 0.027344 0.027344
0 0.556641 0.582031 0.027344 0.027344
0 0.341797 0.759766 0.023438 0.023438
0 0.396484 0.208984 0.023438 0.023438
0 0.230469 0.564453 0.027344 0.027344
0 0.742188 0.324219 0.027344 0.027344
0 0.542969 0.636719 0.023438 0.023438
0 0.476562 0.646484 0.023438 0.023438
0 0.626953 0.779297 0.023438 0.023438
0 0.650391 0.658203 0.027344 0.027344
0 0.474609 0.138672 0.023438 0.023438
0 0.216797 0.496094 0.027344 0.027344
0 0.490234 0.378906 0.027344 0.027344
0 0.716797 0.587891 0.027344 0.027344
0 0.601562 0.718750 0.023438 0.023438
0 0.814453 0.558594 0.023438 0.023438
0 0.431641 0.625000 0.023438 0.023438
0 0.183594 0.384766 0.031250 0.031250
0 0.544922 0.705078 0.023438 0.023438
0 0.441406 0.689453 0.023438 0.023438
0 0.396484 0.650391 0.023438 0.023438
0 0.798828 0.312500 0.019531 0.019531
0 0.673828 0.294922 0.031250 0.031250
0 0.484375 0.189453 0.027344 0.027344
0 0.560547 0.824219 0.023438 0.023438
0 0.636719 0.748047 0.023438 0.023438
0 0.806641 0.576172 0.023438 0.023438
0 0.429688 0.662109 0.023438 0.023438
0 0.833984 0.601562 0.023438 0.023438
0 0.447266 0.763672 0.031250 0.031250
0 0.787109 0.388672 0.027344 0.027344
0 0.400391 0.236328 0.019531 0.019531
0 0.787109 0.648438 0.023438 0.023438
0 0.376953 0.250000 0.023438 0.023438
0 0.443359 0.775391 0.027344 0.027344
0 0.566406 0.558594 0.027344 0.027344
0 0.406250 0.250000 0.023438 0.023438